Matriz 1
4 5 2 3 0 4 4 4 2 6 0 7 4 6 4 1 1 0 6 1 6 6 4 1 2 8 0 1 6 6 9 2 6 9 1 3 0 3 5 4 
4 2 0 3 6 8 1 1 8 4 4 2 1 0 2 6 7 4 5 6 2 3 9 5 8 0 2 9 0 2 8 2 0 7 6 1 9 6 1 0 
4 6 9 2 0 5 7 6 6 7 8 3 7 0 2 1 8 6 6 9 8 4 2 7 5 2 7 5 8 6 0 0 8 6 8 4 1 7 3 5 
4 4 7 0 6 8 8 7 6 4 4 6 9 3 0 2 9 0 9 4 8 7 2 5 2 6 0 4 7 1 9 4 4 8 8 2 6 6 5 0 
5 8 0 7 2 9 7 3 2 7 7 0 2 3 3 1 3 7 4 4 7 4 0 2 3 5 3 5 5 7 7 0 0 5 7 5 6 3 8 0 
7 4 5 9 4 4 0 2 5 7 0 1 3 6 4 5 6 5 2 7 6 8 7 8 1 8 9 3 7 4 7 5 1 8 9 2 8 5 5 9 
9 1 9 1 5 2 9 9 1 6 4 0 2 9 0 6 9 2 6 9 3 7 2 5 5 7 1 3 7 3 2 1 4 2 9 6 7 7 1 6 
7 9 4 6 6 1 3 2 8 0 0 4 2 0 8 4 1 8 8 9 6 7 5 9 5 5 9 8 3 7 6 2 6 6 7 3 1 4 1 4 
6 4 0 9 2 2 1 9 6 8 6 8 3 5 0 3 2 7 4 1 7 7 7 2 6 9 4 1 4 4 0 6 9 8 1 1 4 3 9 8 
8 0 9 5 0 2 1 4 3 5 3 9 9 0 0 7 0 5 1 4 4 4 7 7 4 2 0 6 6 3 9 6 0 0 4 7 5 3 4 8 
4 8 5 0 7 9 5 7 0 3 5 3 5 6 1 0 8 4 4 7 1 9 4 5 7 9 2 6 4 9 8 5 7 3 8 7 9 7 7 0 
5 0 5 0 0 9 9 8 7 2 6 7 1 2 2 7 3 1 7 4 1 9 9 8 3 4 5 8 1 8 5 6 9 1 1 8 0 4 7 7 
8 3 8 1 4 4 9 9 0 0 9 6 8 2 6 0 4 9 9 3 3 4 9 6 8 4 6 9 5 3 4 9 1 2 0 6 4 1 7 7 
5 5 6 6 9 5 5 5 3 1 4 1 3 3 1 7 4 0 2 4 8 6 3 3 0 6 7 6 4 2 2 4 6 1 4 3 6 9 2 2 
2 0 8 3 8 9 8 3 1 7 2 0 2 3 7 1 8 2 2 0 2 5 9 9 5 0 0 1 5 9 3 5 9 9 6 4 5 4 1 8 
3 9 2 7 8 1 2 7 9 4 2 7 9 3 7 0 0 5 3 1 4 6 4 9 4 0 4 5 3 6 1 5 9 8 7 7 8 9 1 8 
6 3 2 5 0 0 4 8 9 0 2 0 4 6 4 3 7 2 1 9 6 5 8 8 4 9 9 9 3 0 4 2 4 5 7 8 0 7 9 9 
9 4 1 3 5 7 9 4 6 0 1 2 4 2 0 1 3 7 3 2 5 9 2 9 7 8 0 2 3 0 8 2 9 8 3 2 3 5 7 9 
6 7 0 2 3 6 7 5 3 3 8 7 1 1 8 6 2 2 6 6 0 5 7 9 6 9 2 7 2 5 1 9 9 8 0 7 2 1 5 2 
5 7 3 4 8 9 3 7 4 9 3 7 4 7 1 3 4 8 1 4 2 1 4 1 5 4 2 5 2 7 3 2 7 4 6 8 4 0 9 0 
6 4 8 8 2 7 0 5 5 6 0 5 7 6 9 0 2 8 3 6 4 5 6 6 3 8 0 1 9 3 7 7 1 6 4 4 7 7 3 0 
0 2 1 0 5 4 3 7 9 4 6 4 2 2 9 4 2 5 5 8 5 7 7 6 0 0 0 4 1 0 1 5 3 1 9 3 7 8 7 0 
8 5 0 5 8 5 1 6 4 5 0 2 1 3 6 7 0 7 4 4 7 5 1 5 1 1 3 2 6 6 3 9 8 5 0 8 1 7 8 2 
6 7 9 8 7 1 8 5 0 2 3 7 9 1 0 1 9 9 1 7 2 3 3 0 3 4 8 5 1 6 0 1 1 2 2 4 3 8 0 2 
6 2 1 3 5 7 3 0 2 0 8 2 4 0 4 0 1 6 3 8 3 0 5 3 9 6 0 9 3 3 5 0 9 1 8 7 7 8 0 5 
6 8 4 6 0 8 5 5 5 1 8 7 7 3 0 8 3 8 8 8 5 7 4 7 0 8 8 9 7 5 2 8 4 5 4 6 1 2 9 0 
1 2 7 7 5 6 9 7 5 1 8 1 4 7 7 4 9 0 2 3 1 1 6 9 3 2 9 2 0 8 9 8 5 8 8 0 3 3 2 4 
2 8 2 8 2 2 0 1 3 8 2 2 1 8 9 0 1 4 3 8 0 7 4 0 9 2 8 1 1 7 6 3 0 3 3 1 3 7 3 9 
8 8 7 1 2 0 8 0 4 6 6 4 2 2 4 9 3 3 0 3 5 4 1 6 9 9 2 8 0 1 5 0 3 3 2 7 3 3 8 6 
4 5 2 5 6 6 2 2 2 8 4 4 0 8 1 8 0 6 0 6 3 2 3 2 4 4 9 2 0 0 4 1 5 3 5 6 4 5 7 7 
1 6 2 4 8 8 6 3 3 0 7 9 0 5 6 5 5 4 9 3 6 3 7 7 6 0 0 0 8 4 9 5 0 5 9 0 3 1 4 2 
0 7 4 5 5 0 0 2 7 3 9 4 0 7 6 7 6 1 5 7 7 9 6 1 2 0 1 8 1 8 8 6 3 0 7 4 7 5 9 7 
4 7 4 0 4 7 9 0 4 4 9 7 4 0 2 8 9 7 3 5 0 2 1 3 6 0 0 5 3 0 7 5 6 5 1 0 4 1 9 4 
6 4 1 3 8 3 4 5 2 1 3 8 8 7 8 8 6 3 5 6 4 3 0 0 3 1 6 9 0 5 8 8 7 7 4 7 5 6 3 3 
1 7 3 4 5 8 2 2 2 3 5 6 7 0 2 1 7 2 7 0 8 7 9 6 1 9 5 1 1 5 7 8 8 9 9 9 1 5 1 3 
3 3 1 5 7 5 0 3 6 6 5 9 4 7 8 2 7 4 3 1 3 9 4 3 8 9 7 9 5 1 1 7 2 8 4 9 2 4 4 8 
1 7 8 3 7 9 1 0 3 2 2 8 6 0 4 5 0 7 2 4 7 2 4 4 3 7 2 0 0 2 3 3 2 4 1 6 4 8 2 9 
3 4 6 8 1 5 0 2 1 9 7 4 7 6 9 7 6 2 0 3 3 0 2 7 1 2 3 4 3 2 8 9 5 0 6 8 7 4 4 6 
0 8 7 8 6 5 1 2 2 3 9 9 5 7 7 8 2 4 2 1 2 5 8 4 3 1 6 0 8 4 2 4 3 7 3 8 2 5 4 2 
2 1 6 1 8 1 1 7 7 6 7 2 8 1 9 1 7 1 3 9 1 6 9 3 1 1 4 0 1 1 8 6 5 1 2 6 5 8 7 1 

Matriz 2
3 0 8 3 0 5 6 6 9 8 3 6 8 9 8 0 6 6 6 9 5 2 1 8 7 4 6 7 9 2 9 3 5 4 2 9 2 4 4 7 
2 6 5 6 2 8 3 9 2 1 9 4 5 6 4 6 0 9 8 3 6 5 4 9 1 3 4 6 2 4 0 7 6 7 3 0 6 1 1 1 
3 6 6 9 7 8 7 0 3 2 0 9 9 0 3 8 8 7 1 6 4 7 2 8 7 3 7 6 5 0 0 8 7 6 7 8 8 5 7 8 
8 3 9 6 6 9 9 6 5 6 8 6 3 2 9 6 8 6 0 8 3 7 6 0 2 6 2 9 8 8 6 0 6 4 3 9 9 8 3 9 
8 6 4 9 1 3 6 3 4 1 1 5 8 0 5 9 9 5 6 8 4 6 7 2 1 0 7 7 0 9 9 0 9 4 0 7 9 6 5 2 
8 2 2 3 9 2 6 0 8 4 2 8 7 1 8 1 0 2 7 6 1 6 3 4 5 3 0 2 9 1 9 4 2 3 5 7 2 5 4 8 
9 9 6 8 7 3 9 0 7 3 8 2 6 8 8 1 0 1 4 4 3 2 6 4 1 1 9 5 2 7 2 1 3 2 4 5 3 0 4 8 
5 0 2 2 9 8 2 7 6 9 6 8 4 5 6 8 3 7 4 6 3 9 9 5 1 8 9 1 8 4 3 9 0 6 8 3 0 8 5 6 
9 6 4 6 8 0 4 0 6 3 1 7 5 4 1 9 9 3 8 6 3 0 8 5 1 2 9 0 7 7 9 3 3 3 9 0 0 1 5 7 
9 5 1 5 1 1 8 0 4 7 8 7 2 0 0 8 9 9 0 3 9 5 0 3 2 9 1 1 8 6 1 9 2 3 6 8 3 5 2 8 
2 7 6 1 4 6 6 7 9 4 2 1 8 9 6 7 8 3 7 3 6 8 8 4 0 3 4 8 2 7 9 8 1 4 2 9 9 5 5 7 
1 0 6 1 9 0 4 6 3 6 2 7 7 0 2 9 9 0 1 9 3 0 9 6 3 1 2 8 0 5 8 0 8 9 7 2 8 9 5 2 
4 3 1 9 1 9 0 1 2 2 8 1 1 8 0 6 6 2 2 3 7 5 4 2 6 8 2 5 2 3 5 0 8 1 5 6 3 3 7 5 
1 1 7 1 9 5 4 8 7 5 0 8 2 2 1 8 5 0 6 1 9 5 1 8 7 6 9 0 9 5 1 9 6 0 5 2 9 2 5 4 
8 1 6 4 5 2 5 7 5 6 1 1 2 7 7 1 4 6 7 2 1 2 8 2 7 0 3 2 6 4 3 1 9 1 1 0 1 4 4 7 
9 3 2 7 9 3 8 1 8 7 8 7 1 1 1 2 1 4 5 3 4 8 5 3 3 6 9 5 8 2 8 4 2 2 2 1 4 3 0 7 
1 0 0 7 4 4 7 6 8 9 8 1 2 5 6 0 8 2 0 1 1 2 5 0 9 8 1 3 7 0 3 3 7 5 7 5 4 9 8 5 
0 8 5 7 3 9 9 3 2 5 8 1 0 4 3 9 5 5 0 8 1 4 5 1 9 8 1 4 4 3 2 1 1 4 2 8 1 8 4 6 
9 6 9 3 3 3 0 8 3 8 7 1 4 0 2 4 5 2 5 0 4 9 0 0 4 4 8 3 9 2 3 5 3 5 6 0 3 9 1 3 
3 9 7 5 9 1 0 4 5 4 9 5 8 9 9 9 2 7 3 9 3 7 8 0 3 8 1 8 2 3 2 7 3 8 8 0 9 0 1 4 
4 0 9 2 8 7 2 7 1 3 6 6 5 6 8 5 4 2 6 7 4 7 2 3 4 5 3 7 9 0 5 2 5 7 3 0 1 5 6 7 
8 3 6 2 6 5 2 5 3 3 8 5 3 5 2 2 7 6 7 2 3 1 4 6 2 6 6 2 6 3 4 5 2 0 2 7 0 4 6 7 
2 0 9 2 5 1 2 5 8 3 0 7 0 0 5 4 2 0 2 4 9 8 3 7 3 3 3 4 7 2 3 3 6 4 0 7 5 5 3 2 
5 1 0 7 4 2 2 8 3 0 2 6 7 9 4 8 9 0 7 0 1 2 0 4 4 8 4 7 6 3 0 2 2 4 2 6 7 6 0 3 
7 4 9 4 1 8 0 4 4 6 5 1 2 6 2 0 4 4 9 0 5 6 2 0 3 7 1 7 1 8 3 7 7 4 0 1 7 5 3 9 
3 9 9 8 9 6 8 4 6 6 8 8 7 9 8 9 9 8 6 1 6 0 4 2 8 1 7 5 2 7 5 5 8 5 3 0 5 6 1 1 
0 9 3 6 2 9 4 6 2 9 7 9 6 3 7 9 9 7 7 0 9 1 8 1 0 1 4 3 0 9 4 9 9 8 1 0 1 1 2 5 
6 3 0 2 6 2 2 8 9 2 8 7 5 5 4 1 0 3 4 5 2 2 0 8 8 4 4 0 2 0 0 7 9 5 1 5 0 9 0 4 
1 9 0 0 8 0 5 1 3 9 9 1 4 5 2 4 8 3 6 4 6 5 4 8 3 5 4 6 1 4 3 8 4 3 7 7 1 6 1 7 
6 9 5 2 9 1 6 5 7 5 7 9 9 8 4 7 5 4 4 9 4 7 6 7 2 0 9 1 0 3 0 7 9 7 0 8 1 9 9 3 
1 2 8 5 6 4 1 3 7 8 9 3 6 9 2 9 1 8 8 9 3 4 9 0 9 5 9 2 5 4 9 5 9 1 0 5 5 2 8 0 
5 2 8 4 1 7 6 2 9 7 5 4 6 5 1 6 5 3 6 2 8 9 3 3 6 3 5 3 7 9 8 5 9 0 7 4 4 3 8 2 
9 7 7 7 1 3 5 4 0 1 8 7 4 4 9 8 5 5 7 9 4 9 4 7 9 6 7 4 7 5 8 8 2 1 0 2 5 5 7 8 
4 6 1 6 3 7 8 0 3 6 3 0 1 8 2 7 4 0 8 5 0 8 0 5 3 9 9 5 6 1 3 7 3 2 3 8 2 8 8 8 
4 7 6 5 9 5 8 1 9 6 3 2 2 0 3 3 8 2 9 2 8 3 2 1 2 8 7 2 1 3 8 6 0 5 1 0 9 0 1 4 
4 0 6 2 2 6 3 8 4 7 5 6 4 7 2 3 7 8 1 2 8 5 4 0 9 3 9 3 8 3 5 8 3 7 1 9 0 6 9 2 
7 8 7 4 4 0 8 5 9 7 4 4 4 1 0 7 3 8 0 9 4 8 2 8 8 6 6 9 3 6 7 5 0 4 8 0 8 1 4 6 
8 7 6 9 0 7 1 2 6 4 7 3 5 9 7 4 3 4 0 1 1 3 3 5 6 0 6 0 0 5 1 6 3 5 4 9 1 9 1 7 
8 5 4 0 0 4 7 6 3 8 4 6 5 1 3 9 8 1 2 9 9 6 8 0 0 2 0 3 7 5 4 6 0 7 1 7 4 0 0 7 
3 8 1 4 7 0 7 6 6 2 4 9 7 4 4 1 2 5 2 3 0 5 5 7 9 1 3 4 4 2 2 5 7 0 2 3 2 4 4 0 

Resultado 2
712 620 776 602 767 606 663 620 687 770 817 737 661 721 596 826 734 594 710 696 640 720 607 619 666 623 795 561 756 556 615 752 727 543 493 654 520 732 649 721 
818 649 758 726 738 579 679 609 933 779 771 684 651 672 607 764 702 600 728 720 585 766 603 555 676 744 740 633 725 591 744 715 684 616 519 677 654 746 570 807 
942 1008 891 949 980 889 903 807 936 947 1118 933 940 987 906 1059 1067 808 888 860 817 971 815 783 822 940 931 833 871 721 744 1062 830 877 743 896 740 965 778 1115 
976 845 934 923 996 829 867 732 1007 984 1044 862 914 905 777 1057 1015 732 924 886 806 948 786 750 848 913 1036 801 931 720 909 935 845 769 796 850 787 915 825 1012 
831 812 844 699 831 755 857 722 889 892 969 757 771 818 740 892 819 740 774 819 736 815 707 588 670 752 790 690 783 672 718 847 679 717 533 800 642 749 627 907 
941 962 1004 970 1057 879 1047 859 1093 1079 1092 1073 922 920 859 1150 1130 908 926 918 904 968 827 803 935 960 1003 867 1003 819 875 1022 974 797 709 905 845 913 772 1026 
916 892 932 889 999 787 910 777 1054 978 1014 930 888 882 811 924 978 826 801 776 814 928 711 771 882 905 1048 783 894 708 742 1030 762 741 732 830 810 866 722 991 
947 934 1020 950 964 850 834 897 922 902 1071 960 921 966 891 1070 991 854 996 896 757 874 840 739 832 819 1003 825 847 765 793 904 982 835 567 752 738 922 711 943 
925 837 979 772 879 849 947 836 895 974 992 993 805 803 790 1109 1051 761 812 902 853 977 808 768 757 845 876 809 964 836 846 939 803 733 649 836 722 943 749 1004 
732 631 810 711 840 678 737 670 888 829 854 871 781 747 573 881 858 700 625 823 731 810 690 675 811 754 778 748 786 598 750 759 794 655 586 836 668 784 673 789 
1012 973 1074 943 1004 914 939 911 1130 1045 1149 1009 1010 1015 880 1142 1045 918 965 957 935 1036 872 822 966 924 1071 829 894 847 888 1124 941 870 697 954 896 975 873 1011 
1015 787 930 780 998 701 831 845 1038 917 967 1086 961 883 835 962 917 721 872 849 796 922 859 792 826 722 1020 683 974 726 834 981 843 752 614 882 640 919 782 942 
892 844 1018 842 906 923 883 954 1057 1020 1009 939 964 966 840 1019 997 788 862 872 882 1012 874 782 923 812 934 878 919 803 811 955 1005 817 675 956 754 992 823 981 
853 761 833 820 814 753 779 695 867 771 897 880 817 739 796 875 833 731 741 749 706 812 697 685 700 649 875 709 743 688 761 805 767 679 564 711 668 756 620 865 
950 782 799 853 842 656 924 649 935 802 808 854 792 766 751 847 892 658 791 772 677 941 651 751 824 776 901 699 869 660 704 854 814 586 546 923 707 893 823 944 
1036 890 940 955 872 865 884 882 934 869 986 964 870 921 775 1117 1054 830 895 899 799 965 823 864 862 853 1031 815 863 852 838 926 917 763 660 868 759 974 838 989 
872 823 924 868 971 865 823 915 1007 961 1019 1019 859 998 900 1009 1001 780 884 774 846 832 848 698 868 842 960 722 936 745 755 997 887 802 615 777 686 838 685 938 
904 803 880 859 805 768 832 707 851 796 943 829 824 923 793 906 859 689 882 836 631 792 714 689 832 786 893 754 864 701 809 779 736 599 530 808 649 795 708 913 
979 792 950 801 868 743 865 868 980 901 958 914 889 956 838 970 911 740 933 800 787 935 790 745 793 757 941 807 905 789 821 923 861 733 580 804 732 913 721 921 
879 766 861 766 851 765 909 752 908 909 909 943 798 705 720 1047 943 761 763 936 853 911 781 682 753 809 849 710 863 742 808 915 774 777 590 843 755 840 740 919 
880 789 998 871 950 845 884 742 959 986 957 889 825 891 756 1091 1017 829 805 891 805 915 764 744 915 872 896 796 938 756 799 881 893 723 749 895 765 918 772 988 
882 667 797 679 788 585 683 669 853 749 732 721 672 659 642 874 803 602 703 712 663 774 718 575 613 689 763 590 768 639 722 728 558 636 598 619 627 672 552 829 
930 707 845 743 724 750 804 743 802 878 931 870 785 802 738 951 876 744 782 853 728 904 738 646 738 708 874 669 916 712 776 830 745 666 538 827 552 836 696 899 
675 777 784 865 731 835 772 675 787 765 929 774 768 767 761 874 843 727 536 763 651 721 738 607 699 663 732 737 577 653 592 711 840 757 582 801 667 829 672 819 
779 781 870 732 731 639 683 683 874 706 830 706 755 818 763 761 722 685 725 757 622 777 634 592 817 663 735 706 613 630 746 769 707 642 433 694 688 761 588 790 
974 954 1017 900 1070 966 976 937 1060 1069 1194 1059 1000 996 903 1185 1099 821 969 953 955 1024 912 800 850 920 1011 895 1005 820 922 1045 925 918 752 943 792 989 765 1065 
897 827 899 932 975 838 940 759 1069 932 887 916 888 893 842 1038 957 699 933 789 777 951 866 689 774 804 1020 736 876 807 829 920 941 681 617 824 842 833 841 953 
729 753 831 671 714 676 673 700 771 781 819 764 671 701 628 826 749 749 686 627 673 721 691 564 633 620 675 577 649 702 536 819 808 582 471 622 638 658 572 753 
833 745 833 794 768 730 818 743 858 783 893 847 802 852 690 829 831 756 764 717 722 718 682 652 761 682 826 744 758 662 678 832 779 686 475 712 679 708 590 860 
751 741 782 721 733 693 803 669 793 792 803 874 707 615 671 909 800 718 680 723 746 771 692 564 664 671 736 652 744 699 715 833 667 643 465 665 696 637 542 797 
821 720 912 716 954 671 809 744 935 891 817 731 793 716 694 914 868 577 902 789 716 898 782 630 661 746 857 785 806 701 834 757 802 687 589 719 825 816 678 843 
937 806 988 732 968 708 834 900 1042 903 949 942 864 782 712 1003 915 780 825 878 827 958 864 735 784 745 939 714 879 733 816 953 872 744 601 749 807 803 746 873 
797 743 718 759 714 635 826 611 853 787 873 675 746 729 635 827 747 607 719 796 623 799 744 595 701 718 699 729 731 640 765 737 693 603 568 732 703 694 635 862 
934 766 940 876 875 841 843 848 1009 983 1025 893 854 905 776 997 893 785 864 895 787 943 859 697 914 797 1014 745 868 769 899 905 990 731 619 774 740 900 845 918 
872 771 982 894 877 879 851 796 921 896 983 894 842 878 808 1019 1010 736 907 762 1670 933 748 668 853 799 964 761 903 722 892 886 915 750 568 849 738 949 862 849 
933 805 929 838 933 859 931 899 1012 1016 973 973 851 879 771 1004 1123 800 910 752 862 854 825 738 903 812 920 767 910 849 865 972 1024 754 648 866 731 1010 806 969 
731 699 783 795 750 687 726 609 715 652 744 805 756 678 655 862 753 673 620 719 580 750 664 594 743 563 694 709 670 590 680 650 762 643 518 679 633 749 625 720 
837 676 838 804 824 750 879 768 969 906 897 878 784 781 682 943 927 791 713 759 808 894 745 641 890 796 806 729 897 720 808 869 846 638 610 799 786 776 730 871 
811 750 872 777 866 816 865 771 862 883 840 863 766 733 689 1003 983 702 790 756 831 925 808 725 698 723 871 794 814 755 782 877 854 717 577 878 786 871 737 923 
837 679 843 790 692 690 672 685 858 832 809 772 752 774 684 980 911 747 675 760 758 841 838 553 719 695 801 640 792 717 767 807 765 646 610 772 678 715 732 827 

